#define MAX_COUNT 50

#define INPUT_SIZE 25
#define INPUT_SIZE_STR "140:25x25"

#define A_ROWS INPUT_SIZE
#define B_ROWS INPUT_SIZE
#define A_COLUMNS INPUT_SIZE
#define B_COLUMNS INPUT_SIZE

#define INPUT \
int a_0[25][25] = { \
{256,382,16,481,104,76,346,486,498,67,368,47,260,380,367,305,76,371,433,255,322,77,375,209,313}, \
{222,253,53,328,365,37,258,59,102,161,107,120,177,44,458,65,286,488,455,151,57,31,442,88,410}, \
{16,378,273,325,324,500,173,93,269,56,168,453,249,20,224,267,229,304,287,4,495,151,117,203,400}, \
{458,244,155,36,68,426,309,254,371,369,82,137,487,63,15,456,359,252,113,470,126,495,48,68,115}, \
{309,123,124,298,359,184,245,273,447,419,329,190,39,90,137,257,268,288,449,58,313,87,241,137,199}, \
{433,103,429,380,128,477,377,392,57,421,257,101,445,137,437,152,54,257,6,216,127,395,120,465,41}, \
{80,310,5,304,348,2,82,139,415,289,100,297,261,84,147,468,423,385,375,482,105,308,59,288,142}, \
{404,75,161,257,151,159,461,401,422,267,215,472,338,459,415,399,250,275,2,373,421,105,359,211,270}, \
{214,18,80,295,193,385,137,282,464,299,225,450,186,290,49,107,274,495,410,348,244,495,290,339,193}, \
{415,230,447,436,403,263,330,192,102,136,168,442,337,407,414,500,407,416,2,134,247,383,52,39,176}, \
{241,207,49,452,154,454,98,292,278,407,324,268,295,366,402,311,54,159,265,393,272,201,149,183,344}, \
{475,1,109,221,353,251,461,169,229,473,496,198,10,466,120,22,346,256,96,444,445,62,381,180,463}, \
{233,137,52,439,254,253,60,396,315,479,321,400,471,43,261,63,405,341,215,248,32,140,219,217,220}, \
{102,63,72,447,179,168,453,437,220,381,391,220,88,454,407,56,130,463,148,222,45,121,258,194,412}, \
{19,253,267,226,127,195,130,334,218,141,288,247,27,427,162,103,412,71,57,492,350,241,463,417,227}, \
{17,128,88,283,306,358,275,474,173,95,424,375,332,339,430,8,447,423,254,117,306,225,328,49,438}, \
{315,372,122,486,145,288,144,288,318,261,87,457,221,81,284,427,369,428,484,326,144,452,80,97,242}, \
{233,154,147,161,250,157,6,247,218,285,226,484,406,353,296,436,138,360,294,30,38,390,38,463,335}, \
{73,340,481,267,316,121,337,414,411,39,456,189,109,267,396,143,61,19,70,76,139,157,400,468,68}, \
{108,221,143,167,310,336,215,259,180,443,207,318,52,116,4,489,240,210,341,180,398,487,432,226,284}, \
{95,85,12,167,241,304,478,380,122,472,56,364,151,161,382,412,92,447,216,151,2,234,197,248,68}, \
{5,444,289,454,425,70,485,103,488,151,355,143,318,362,449,288,325,102,446,409,218,369,266,49,155}, \
{336,7,212,310,223,110,286,368,213,246,172,18,404,168,252,495,65,165,212,209,319,339,311,12,133}, \
{469,129,258,46,187,160,91,436,444,139,413,89,62,439,325,471,265,59,486,177,464,127,290,231,334}, \
{500,483,92,220,77,96,355,467,130,231,42,132,3,115,375,214,394,42,67,442,406,49,289,163,438} \
}; \
int b_0[25][25] = { \
{73,5,124,172,352,473,82,161,354,42,438,425,460,134,211,234,150,372,285,375,283,487,407,278,237}, \
{258,299,91,329,401,341,447,454,399,249,481,285,498,191,470,471,177,203,26,359,255,484,414,409,21}, \
{153,437,434,424,283,343,209,348,123,373,247,353,384,399,134,75,283,363,89,310,173,491,172,227,404}, \
{463,226,434,383,401,123,224,177,299,100,95,152,28,480,475,145,316,213,40,2,317,222,327,496,55}, \
{165,464,259,447,271,306,473,461,88,133,494,224,245,448,336,145,285,116,232,369,341,202,138,414,344}, \
{47,228,392,273,113,222,28,104,193,56,84,42,30,390,21,328,54,380,90,396,131,254,350,236,250}, \
{446,484,154,223,254,426,86,453,205,437,378,159,314,31,298,182,100,120,381,92,484,360,359,129,303}, \
{206,110,87,256,393,149,344,417,276,147,123,76,456,113,451,377,148,424,330,189,174,74,408,123,63}, \
{190,347,230,46,30,33,183,124,250,278,280,348,104,135,391,333,206,490,447,241,477,165,271,111,454}, \
{235,410,114,271,389,50,473,117,150,280,147,357,198,435,117,31,57,50,44,340,19,299,267,314,290}, \
{486,178,112,198,320,139,61,78,217,148,481,157,45,379,32,111,248,253,291,106,291,149,344,232,310}, \
{427,221,438,207,199,219,241,415,303,130,432,230,44,466,245,363,338,112,223,435,367,215,410,114,249}, \
{176,111,137,495,137,469,23,79,115,480,9,107,146,424,14,317,401,463,307,428,54,209,377,293,176}, \
{216,473,366,495,374,183,52,248,369,217,27,472,181,159,138,361,63,491,396,393,193,394,441,222,279}, \
{433,265,231,9,378,102,57,191,56,273,72,261,367,140,130,309,405,311,388,112,110,493,55,9,224}, \
{325,50,417,408,52,353,367,55,118,281,20,468,367,271,321,453,219,36,172,270,135,387,107,343,429}, \
{69,335,482,394,474,116,480,437,88,486,452,474,428,350,269,398,290,99,27,300,256,129,127,63,96}, \
{376,91,493,491,136,462,313,217,297,114,127,250,18,222,204,226,406,305,201,413,33,370,411,260,471}, \
{369,144,181,340,365,353,373,400,318,409,108,91,90,268,54,455,455,317,108,120,56,58,160,29,163}, \
{491,65,87,135,194,224,212,208,96,305,128,307,346,328,481,436,50,471,136,77,212,450,364,237,242}, \
{434,249,478,382,111,155,15,351,199,412,349,50,460,408,355,138,321,307,48,267,365,311,239,41,191}, \
{205,357,62,30,13,122,371,495,272,480,88,216,330,472,139,36,299,342,86,464,472,62,167,427,278}, \
{466,351,44,422,315,99,283,225,169,331,493,105,21,297,354,350,458,109,100,433,101,215,413,447,33}, \
{323,88,31,153,13,28,269,124,395,200,43,349,52,244,171,22,486,250,350,23,27,134,187,79,485}, \
{29,196,164,335,491,351,187,358,98,78,362,444,444,341,181,237,167,111,490,333,179,280,264,149,268} \
}; \
int c_0[25][25] = { \
{2149306,1572156,1558234,2011874,1862062,1604646,1488734,1753490,1613699,1705669,1572763,1656866,1620329,1794320,1842872,1973487,1794408,1978483,1639174,1658274,1518058,1883325,2093602,1521620,1622841}, \
{1573828,1279312,1241935,1637216,1604672,1357520,1348130,1483053,1070402,1300629,1396417,1304911,1191165,1503678,1280019,1454025,1544925,1218595,1121473,1393259,1011688,1474834,1457093,1203789,1198695}, \
{1650920,1480740,1736121,1855411,1451722,1461588,1365852,1693198,1283640,1475242,1521203,1382112,1386214,1962990,1420303,1583766,1647062,1490783,1172592,1708132,1375998,1603916,1647760,1292614,1510953}, \
{1463536,1336304,1368773,1638493,1319825,1546993,1440159,1505023,1245719,1683483,1272514,1611120,1619628,1790836,1419000,1659593,1291326,1724771,1173006,1804334,1375680,1680019,1757346,1448159,1567416}, \
{1675141,1469562,1466960,1723074,1576541,1317839,1494278,1552275,1292517,1445570,1544564,1460086,1327041,1742689,1446903,1495791,1507912,1456198,1212399,1538447,1337747,1486133,1634633,1286075,1510193}, \
{1768545,1518203,1420255,1724751,1546870,1493336,1314685,1521267,1401887,1599911,1221009,1533665,1516563,1928504,1355753,1390330,1593785,1861531,1371012,1673527,1299637,1847185,1858693,1529248,1687656}, \
{1734402,1329931,1460767,1700153,1399782,1355178,1716794,1584299,1272372,1609483,1292997,1648914,1390728,1838797,1588714,1686540,1581744,1507140,1148634,1550504,1299959,1522881,1575088,1381967,1563344}, \
{2182074,1782589,1843766,2093069,1854805,1681957,1483462,1851423,1555461,1856674,1742617,1942487,1827836,2045331,1884269,1995506,1774941,2006608,1766650,1994459,1702281,2149615,2219323,1546905,1878278}, \
{1934307,1607407,1670961,1887885,1553119,1446464,1639005,1800612,1587924,1701924,1487665,1649809,1319600,2124537,1577799,1737603,1779552,1931027,1395811,1917816,1526519,1606866,2015642,1506230,1791669}, \
{1914867,1813497,2068705,2196659,1828335,1837297,1614754,1958508,1485932,1789411,1652989,1947200,1859446,2191666,1689954,1828766,1775984,1847995,1460958,2093743,1683951,2149947,1983811,1721806,1841420}, \
{1916892,1520938,1583129,1851798,1735954,1448123,1401036,1560927,1435140,1542908,1346325,1647473,1510182,2042701,1551762,1783274,1557063,1868125,1441322,1730084,1381674,1851078,1950646,1523651,1621669}, \
{1934699,1778002,1599229,1978733,1925638,1501943,1415092,1765394,1412851,1593724,1906519,1801676,1632350,1995928,1634220,1612772,1479072,1729550,1525666,1804346,1585683,1919606,2070241,1473648,1718665}, \
{1728975,1419193,1468375,1795161,1706774,1354392,1557233,1542599,1318947,1497854,1453639,1522799,1291125,1995593,1465020,1628452,1642139,1643824,1301264,1693175,1261916,1525583,1852456,1436711,1469435}, \
{1880297,1590657,1444367,1766139,1791733,1342323,1354482,1598593,1355912,1386013,1379937,1552861,1312573,1706615,1476705,1526551,1473490,1622110,1531635,1524029,1311319,1679256,1892245,1358438,1554896}, \
{1765717,1540457,1384239,1694524,1553656,1085758,1392085,1640849,1293725,1569249,1475364,1548382,1452282,1795385,1586168,1568842,1473390,1622210,1191521,1532697,1329797,1574327,1739239,1294509,1391545}, \
{1909568,1712722,1740677,2044732,1903607,1519129,1469886,1924756,1383956,1674705,1679867,1526131,1525633,2040218,1530323,1820401,1782551,1799423,1523680,1880841,1484438,1672273,1983074,1389276,1534287}, \
{1956819,1538283,1798756,1949502,1771203,1681382,1818431,1918377,1567151,1762143,1515117,1785207,1679522,2136820,1746126,1978411,1796647,1826676,1302539,1908891,1557012,1853431,1949481,1615966,1673757}, \
{1639945,1373379,1493356,1782828,1461527,1462238,1510716,1557922,1420981,1483281,1212198,1709204,1349863,1905295,1257255,1575996,1701396,1634122,1461094,1794947,1211930,1585821,1700295,1373020,1734073}, \
{1774595,1610204,1255895,1581370,1490516,1163099,1290615,1565645,1319991,1474110,1497161,1418947,1349812,1613250,1489980,1415114,1573897,1610341,1390724,1407224,1379413,1582555,1652962,1311244,1503856}, \
{1814688,1617673,1534094,1894856,1527821,1396251,1726313,1795048,1372037,1699396,1567692,1566784,1520410,2070557,1562565,1621982,1620412,1474531,1136585,1867844,1427650,1586628,1758819,1554853,1607506}, \
{1681926,1364925,1332611,1555073,1347113,1306298,1420253,1449554,1198232,1372637,1097216,1363437,1198589,1557915,1300175,1457537,1385902,1332091,1226021,1503903,1109319,1514587,1587610,1249478,1501644}, \
{2204957,2009895,1705343,2059374,1909072,1638248,1713979,2039103,1486507,2088876,1742471,1802146,1759523,2126124,1847785,1976614,1844866,1947736,1500192,1797583,1789968,1984497,1948759,1687315,1730693}, \
{1622542,1316778,1310029,1674605,1369814,1383358,1241295,1399527,1123684,1545701,1170780,1348395,1453615,1665333,1380459,1444579,1418838,1543289,1184001,1529284,1246696,1549457,1567469,1389449,1385141}, \
{1805910,1531845,1573329,1883860,1765644,1472808,1445578,1699120,1452899,1680133,1605836,1787832,1776401,1798204,1565426,1850736,1654047,1877611,1545038,1725524,1443302,1797941,1800654,1283040,1690650}, \
{1632850,1353326,1279255,1589334,1775707,1355924,1381855,1693958,1240232,1461784,1615957,1598212,1902858,1536684,1729702,1680762,1303560,1476674,1237316,1478708,1344810,1817440,1723872,1226593,1218337} \
}; \
 \
 \
int a_1[25][25] = { \
{448,33,431,101,406,359,174,154,28,245,399,270,197,108,152,107,409,103,264,435,6,285,401,418,378}, \
{220,99,354,462,362,305,258,221,406,146,300,83,210,416,322,473,374,440,42,356,462,279,192,172,462}, \
{252,188,154,265,349,209,194,76,493,12,461,414,75,242,200,252,281,335,311,247,147,319,338,110,280}, \
{63,197,421,413,54,115,471,334,394,312,163,177,499,160,100,100,287,24,14,468,45,81,71,347,200}, \
{327,91,229,206,56,45,473,426,44,13,159,70,142,116,403,275,295,213,281,199,234,307,65,181,274}, \
{89,436,232,416,173,260,123,260,144,288,253,240,430,343,95,264,268,44,229,110,214,145,112,337,418}, \
{439,494,269,51,194,34,218,288,95,2,58,63,264,154,463,488,57,432,304,322,383,496,166,76,371}, \
{234,135,359,361,11,375,14,431,60,91,348,248,250,207,419,45,145,359,164,496,100,351,264,74,373}, \
{282,303,170,398,213,69,429,262,159,36,8,162,64,110,294,399,7,356,99,157,24,366,488,67,62}, \
{288,181,116,32,86,221,205,347,487,231,363,285,421,236,330,133,60,57,462,483,92,266,272,381,75}, \
{11,449,204,439,322,50,283,179,413,77,310,141,86,457,174,102,65,296,188,297,11,358,83,107,370}, \
{144,301,470,206,138,175,476,134,83,143,215,137,214,327,382,415,306,95,419,400,499,158,186,28,270}, \
{125,252,361,267,427,372,230,376,355,265,138,362,358,167,371,295,254,172,310,285,76,485,238,297,406}, \
{251,489,316,78,12,326,438,122,136,280,391,384,284,84,158,408,355,14,325,314,289,184,219,436,394}, \
{170,459,44,29,166,463,274,44,198,117,268,249,43,333,98,452,224,404,341,393,81,358,138,121,75}, \
{374,357,421,352,397,275,332,69,80,393,318,93,500,81,159,29,40,260,42,154,8,49,453,81,286}, \
{483,6,280,357,393,320,440,172,98,403,376,466,235,119,275,145,2,28,138,364,193,373,203,23,82}, \
{416,142,486,340,197,347,179,374,12,317,145,237,441,121,412,130,356,397,309,37,135,37,197,81,118}, \
{491,33,252,163,154,405,378,45,171,294,154,228,55,192,133,139,277,422,465,268,419,472,137,218,224}, \
{74,198,69,188,337,254,472,145,64,183,307,24,459,474,378,132,32,246,438,30,110,190,240,175,430}, \
{183,90,85,169,61,458,245,6,265,385,466,74,186,51,67,247,91,440,319,273,303,26,399,388,254}, \
{231,273,154,281,347,365,347,480,369,354,272,173,138,105,376,219,229,303,453,496,409,244,19,158,140}, \
{275,157,419,404,145,458,165,283,111,455,479,37,381,427,115,70,162,357,473,96,325,177,180,222,88}, \
{500,19,163,148,419,430,144,246,204,212,386,491,422,458,292,45,490,332,268,314,111,10,351,248,134}, \
{16,299,114,86,169,296,194,389,345,96,127,452,14,99,135,342,222,214,469,142,215,440,203,237,211} \
}; \
int b_1[25][25] = { \
{58,495,69,258,120,113,354,310,1,27,6,128,272,376,120,333,110,372,47,51,365,185,164,251,255}, \
{324,196,447,280,135,417,287,390,341,257,225,353,162,223,452,496,276,427,320,328,140,296,177,89,264}, \
{418,156,367,43,322,264,282,376,481,277,470,202,67,354,400,85,483,59,29,423,226,74,202,176,186}, \
{177,352,212,133,248,318,410,135,475,311,248,22,441,97,138,140,408,400,367,99,27,357,410,309,153}, \
{92,377,488,224,336,341,49,83,6,111,402,9,265,223,205,105,288,430,234,308,233,298,281,331,167}, \
{197,394,439,253,179,445,298,417,453,180,457,361,66,24,401,79,398,421,230,448,465,177,493,186,41}, \
{80,99,334,280,378,30,261,47,295,392,320,244,30,49,63,354,5,347,240,331,42,206,230,57,12}, \
{148,235,9,317,88,172,172,145,254,175,286,221,222,208,334,30,292,47,181,269,437,13,341,383,227}, \
{242,407,101,374,195,311,382,478,172,286,287,13,359,80,383,169,447,283,312,55,332,357,476,385,186}, \
{109,480,118,162,69,162,6,155,278,340,111,2,108,84,298,283,7,237,358,78,420,379,487,365,473}, \
{419,75,261,115,176,184,108,83,141,6,176,324,443,321,419,156,372,12,218,136,411,235,354,161,334}, \
{126,438,487,53,461,43,478,91,203,225,294,17,403,348,303,234,467,124,428,187,200,19,92,121,186}, \
{318,9,159,334,214,462,455,366,151,130,259,155,442,21,128,332,483,101,450,331,135,113,42,410,97}, \
{263,92,94,456,282,151,403,266,255,60,306,45,216,156,353,182,137,481,130,196,64,315,230,14,314}, \
{273,253,429,366,190,404,314,51,37,200,65,184,279,395,231,69,102,488,6,258,163,257,23,285,210}, \
{393,194,440,339,380,494,209,296,345,422,339,287,115,70,311,104,224,166,45,449,188,94,247,491,484}, \
{170,486,330,227,359,20,115,37,74,454,84,110,87,277,253,79,437,271,130,431,146,68,328,242,23}, \
{305,235,407,331,175,168,128,59,406,255,11,309,311,431,222,25,166,181,34,299,55,212,361,333,121}, \
{477,417,372,101,421,428,383,326,356,238,394,322,374,238,463,107,103,432,382,432,407,156,477,361,317}, \
{169,296,298,133,183,373,346,150,218,250,87,133,485,288,214,294,58,408,10,179,473,70,283,121,10}, \
{53,455,244,44,56,457,402,8,280,71,488,304,35,119,448,302,486,402,69,451,146,7,136,340,95}, \
{120,312,410,147,461,127,258,242,89,401,103,292,442,249,52,362,489,222,393,442,450,486,55,244,147}, \
{328,102,253,436,355,255,370,164,441,480,456,256,21,321,33,213,320,454,451,369,318,6,93,34,474}, \
{330,103,330,83,92,437,86,140,25,97,305,208,21,245,474,322,348,350,333,76,45,117,273,108,321}, \
{271,58,449,271,137,443,297,182,277,362,371,129,157,158,276,38,466,349,372,199,269,285,66,304,215} \
}; \
int c_1[25][25] = { \
{1495589,1686401,1993771,1318989,1581182,1687251,1601728,1225272,1386257,1506421,1640006,1139898,1438558,1519596,1683921,1190080,1892051,1854919,1470745,1692546,1768714,1109001,1566374,1394249,1337341}, \
{1702508,1957247,2245818,1780787,1740872,2151228,2020068,1414539,1848755,1812274,1957502,1324799,1708392,1528096,2032947,1274259,2291556,2234783,1470721,2050853,1702980,1475313,1884025,1914848,1461915}, \
{1503073,1721171,1978731,1448974,1652027,1650208,1760374,1240206,1462449,1518901,1606582,1123536,1638956,1437510,1702272,1130318,1929597,1852193,1475259,1652783,1582322,1253454,1602284,1474925,1309731}, \
{1264596,1325234,1473872,1224142,1259010,1507616,1540470,1163022,1363068,1395968,1425859,854906,1324972,1010542,1491736,1177353,1667632,1489142,1343789,1338361,1270912,1026092,1458929,1301634,1003884}, \
{1164132,1320633,1538832,1185464,1263199,1356443,1398619,892555,1170093,1282314,1239219,1050317,1169761,1159669,1327276,950495,1395394,1493953,1000826,1489026,1210926,920364,1178527,1303998,982288}, \
{1468382,1466323,1768533,1332330,1359000,1805079,1653292,1277292,1504943,1395322,1664405,1059568,1353498,1102600,1781498,1199052,1915036,1735818,1551305,1587568,1349552,1170109,1498955,1461770,1311895}, \
{1490446,1576362,2005242,1511929,1478728,1898647,1772032,1284464,1466310,1513497,1497599,1358993,1489876,1451660,1642442,1280515,1716328,1892854,1197404,1884580,1512358,1195523,1255343,1630987,1304387}, \
{1434290,1500024,1780263,1348957,1361343,1657436,1721278,1166532,1534391,1393241,1415830,1157856,1605764,1436513,1575140,1012379,1809589,1679773,1270515,1598479,1638027,1098707,1416735,1397864,1142019}, \
{1142530,1253357,1565179,1315682,1352292,1316228,1421776,977162,1345555,1411167,1253658,991082,1162986,1135313,1097673,1014989,1322362,1558821,1137058,1425183,1129189,1003165,1137163,1176629,1120869}, \
{1519703,1599035,1678437,1424389,1440898,1772991,1783479,1370117,1318147,1342275,1536272,1137582,1646240,1318842,1761272,1304954,1693005,1795225,1512759,1523173,1741558,1129253,1584572,1460970,1349815}, \
{1336363,1312770,1693418,1331584,1365157,1511307,1530682,1149698,1382596,1342539,1389609,941640,1500360,1157851,1519988,1074841,1610912,1697997,1331944,1373446,1262891,1342143,1422892,1246311,1113845}, \
{1545618,1641437,2003114,1405462,1607551,1873648,1856670,1231883,1675304,1587198,1785434,1282199,1358692,1313166,1812901,1242821,1753731,1976342,1242972,1962453,1478672,1093217,1496914,1511270,1267547}, \
{1706886,1932323,2315250,1666360,1845770,2102283,1976239,1537396,1711182,1844756,1953035,1291663,1761426,1515685,1978517,1349964,2260043,2118308,1805926,2035344,1884500,1457897,1787981,1839518,1495454}, \
{1661431,1701810,2160428,1400977,1614146,1951212,1835625,1386514,1639238,1670809,1832263,1380379,1385818,1375501,2007208,1477002,2006752,1937030,1618041,1888668,1659759,1142715,1620661,1512846,1455460}, \
{1370140,1524838,1876829,1333457,1458517,1552124,1497429,1221810,1427130,1389149,1369439,1212687,1343472,1192011,1611680,1144785,1466221,1726804,1191835,1657356,1446667,1122027,1518846,1252972,1159966}, \
{1336661,1329076,1663645,1350909,1278958,1574028,1508292,1192690,1477674,1338955,1485819,996143,1280135,1192076,1365011,1173548,1615945,1651930,1423200,1450325,1358511,1140305,1359454,1294629,1222050}, \
{1179636,1749092,1775734,1233000,1525871,1491273,1689696,1119316,1370169,1357530,1508074,995244,1567515,1286076,1447673,1266817,1651328,1733777,1398905,1527850,1658870,1202200,1466449,1405868,1208944}, \
{1423490,1676494,1744260,1380534,1406256,1602743,1631587,1196263,1534841,1390496,1492369,1101711,1364802,1369435,1606594,1009434,1721647,1663950,1274964,1698615,1423410,1029636,1533791,1567570,1212613}, \
{1329138,1907085,1922418,1280116,1544410,1611454,1704603,1206031,1510030,1491351,1554258,1237622,1413799,1376097,1683777,1240023,1724810,1932462,1338124,1776879,1628483,1222502,1644081,1504680,1188126}, \
{1439706,1218375,1750196,1468466,1396789,1687784,1574320,1119598,1384728,1292008,1577293,1107155,1328178,1094728,1511052,1066677,1511851,1823994,1442571,1597953,1275119,1226889,1356794,1351746,1230517}, \
{1415034,1444167,1671001,1238194,1189174,1683511,1423776,1093938,1497418,1312215,1498565,1174189,1187926,1132899,1632671,1064135,1548391,1668152,1323150,1452656,1450054,1009145,1621775,1345426,1273913}, \
{1520971,2084135,2062467,1518257,1569558,2001163,1841557,1334307,1661721,1604051,1747703,1325612,1720993,1443436,2025240,1318422,1864924,2113497,1459633,1900468,1874630,1345125,1970527,1830048,1334104}, \
{1619185,1731235,1760350,1407535,1445591,1816380,1739108,1374400,1753910,1362555,1745039,1278590,1520216,1322659,1933508,1206206,1871207,1854675,1496929,1771599,1647410,1281198,1877588,1603284,1422547}, \
{1554626,1929136,1970528,1641177,1667233,1736267,1899261,1303952,1477905,1438253,1698354,1124478,1691038,1597318,1858046,1229545,1970680,2048570,1534538,1759877,1720001,1163742,1770870,1568442,1383312}, \
{1330390,1597518,1829221,1219859,1487039,1553600,1534979,1158172,1389319,1455613,1553883,1140098,1306576,1181287,1662905,1042039,1733883,1599583,1407850,1663871,1486527,1023964,1457887,1393411,1194620} \
}; \
 \
 \
int a_2[25][25] = { \
{332,387,24,253,194,35,340,122,6,72,292,398,255,483,343,146,363,244,255,142,173,275,332,393,50}, \
{218,236,440,495,379,105,127,339,273,202,193,123,197,242,129,257,499,269,11,489,323,387,284,458,90}, \
{46,237,233,202,313,48,134,217,161,149,238,140,258,129,292,90,230,397,41,160,278,134,131,269,180}, \
{355,181,161,384,433,361,160,325,100,57,432,408,442,110,91,140,216,135,332,11,43,323,476,424,193}, \
{10,328,476,36,108,61,497,104,157,39,360,156,288,163,345,249,386,211,207,149,290,188,104,103,270}, \
{260,131,155,418,353,481,88,340,467,77,139,495,452,65,260,141,379,492,324,235,362,307,289,325,350}, \
{276,252,4,442,277,405,355,279,150,195,195,399,401,90,460,381,300,188,466,226,48,157,12,404,130}, \
{418,247,405,43,474,341,417,5,126,112,426,431,222,30,210,198,395,428,467,221,83,376,230,284,201}, \
{71,166,50,318,17,304,56,182,252,86,45,308,274,192,384,345,136,41,324,69,237,95,38,480,88}, \
{188,305,176,169,328,135,221,403,409,467,492,350,70,449,64,460,90,61,11,410,452,298,211,105,147}, \
{54,343,362,213,187,389,128,21,59,330,3,354,441,9,285,97,3,270,390,216,300,306,78,447,357}, \
{334,257,46,77,141,193,138,270,181,440,66,477,468,280,311,259,230,244,325,207,19,272,72,286,78}, \
{444,282,128,294,286,367,185,15,461,457,473,104,164,245,476,72,165,311,303,63,225,486,77,355,171}, \
{424,418,486,59,408,372,156,383,408,447,376,278,365,398,197,116,228,85,449,172,320,337,411,310,197}, \
{329,120,339,299,246,337,150,108,278,284,222,110,412,292,352,209,238,369,207,330,269,35,41,53,309}, \
{221,38,75,69,360,385,34,18,460,364,53,197,120,209,443,15,309,307,471,35,329,322,177,290,106}, \
{379,42,65,483,76,11,468,26,314,170,190,9,303,420,267,83,429,181,132,347,99,133,39,375,413}, \
{335,356,99,448,160,117,350,228,243,239,266,141,301,346,470,38,32,18,247,120,133,494,362,79,30}, \
{431,174,460,49,127,324,207,67,335,463,271,83,265,312,363,315,39,420,374,429,184,234,370,4,100}, \
{363,482,284,491,150,184,103,213,161,330,26,141,370,388,94,165,474,234,263,365,315,499,384,299,464}, \
{246,493,95,245,492,136,398,370,80,265,265,250,471,135,108,482,290,349,459,14,173,482,245,291,187}, \
{30,256,91,166,431,354,400,69,499,386,287,128,95,42,357,158,357,315,299,50,349,127,413,428,264}, \
{423,278,151,183,354,147,479,215,128,264,335,146,362,99,473,156,445,58,333,61,82,346,486,63,378}, \
{291,167,265,40,407,390,159,359,404,33,444,158,182,348,189,91,315,277,421,139,167,286,447,68,463}, \
{435,206,194,404,315,267,206,390,178,81,288,188,158,84,82,69,92,130,370,490,119,63,370,371,453} \
}; \
int b_2[25][25] = { \
{116,199,23,93,199,352,438,222,401,132,128,76,131,361,284,19,460,313,230,491,361,91,175,355,186}, \
{358,474,67,153,348,448,293,5,128,118,33,283,453,4,361,300,430,446,482,349,377,204,238,303,108}, \
{383,377,374,49,9,463,489,106,35,392,224,238,144,394,260,227,279,367,116,152,452,467,436,99,171}, \
{227,304,291,415,399,32,240,174,102,449,310,89,297,472,144,266,312,199,439,239,80,256,226,269,43}, \
{395,48,334,179,32,382,135,167,433,490,330,111,376,436,416,465,356,242,344,361,253,49,181,468,419}, \
{425,164,22,200,23,281,469,164,335,227,107,43,141,204,50,67,221,59,246,25,385,125,4,52,281}, \
{427,411,191,250,384,480,326,21,185,263,174,66,483,200,237,67,182,392,117,386,294,246,199,436,433}, \
{17,438,148,201,77,158,411,470,226,22,479,330,383,241,229,342,301,57,283,239,383,381,440,463,326}, \
{218,456,157,369,311,33,168,290,200,206,478,91,397,434,288,425,206,1,472,134,297,409,397,476,461}, \
{434,185,495,499,463,303,425,282,161,402,114,478,491,120,195,60,234,328,288,78,302,96,283,487,300}, \
{384,300,107,99,76,298,11,175,197,147,450,269,300,327,232,414,462,6,477,88,169,408,290,283,281}, \
{403,125,52,268,477,440,385,499,241,317,396,10,173,461,58,483,319,387,239,410,310,284,73,454,26}, \
{231,245,360,11,156,190,195,273,168,463,47,20,342,246,231,262,187,94,412,446,309,132,120,500,166}, \
{206,376,145,461,93,405,420,101,151,321,353,1,84,114,52,359,119,348,102,39,42,346,34,311,20}, \
{490,307,9,316,372,234,9,415,184,379,457,393,94,410,158,291,379,70,456,373,249,224,145,171,353}, \
{157,267,104,393,57,96,97,181,137,348,483,329,120,178,437,447,201,427,18,202,148,163,24,81,206}, \
{274,46,117,285,32,269,393,266,455,318,181,87,210,249,172,179,321,61,294,267,8,273,212,91,44}, \
{383,472,93,270,269,296,377,99,72,217,411,222,362,138,58,94,129,170,383,18,295,65,372,403,295}, \
{490,67,277,484,350,95,173,307,409,420,154,451,93,14,443,336,12,411,43,484,418,212,281,398,324}, \
{64,388,19,21,37,494,270,474,245,315,222,309,40,67,283,287,27,400,409,228,423,32,304,268,207}, \
{229,189,121,112,368,345,59,234,195,118,4,184,416,77,177,404,414,116,222,71,158,46,360,431,227}, \
{206,450,293,28,358,410,111,223,27,114,173,453,222,243,7,386,400,157,128,355,121,361,275,254,273}, \
{250,133,242,128,249,417,75,5,132,84,497,298,153,340,77,166,175,158,367,408,468,103,154,101,429}, \
{326,118,59,61,215,299,204,460,444,152,65,339,51,213,316,108,312,190,57,148,435,350,243,340,146}, \
{35,105,355,121,62,32,79,299,240,6,269,85,464,69,325,419,211,12,126,97,68,209,344,59,486} \
}; \
int c_2[25][25] = { \
{1773000,1541740,894639,1307786,1420864,1892590,1459590,1349242,1353928,1520687,1523320,1192079,1378967,1431342,1204539,1586382,1652399,1398923,1591101,1644278,1540312,1335073,1195474,1837758,1254973}, \
{1768350,1867163,1212465,1333827,1326480,2047797,1742379,1629838,1472867,1765741,1749836,1454425,1663341,1731153,1464554,1845413,1868659,1444775,1890150,1568752,1794578,1552146,1695015,1992666,1513791}, \
{1384586,1302724,844121,949110,1009848,1383573,1112932,1119400,995637,1223596,1257204,995668,1314143,1165666,1022643,1321614,1321225,911564,1409037,1068416,1249686,1034652,1196853,1489159,1168823}, \
{1835933,1460932,1163843,1222726,1315817,1793714,1514579,1485546,1522196,1594986,1670877,1237613,1533967,1734480,1359427,1727113,1783123,1250697,1717181,1761979,1802103,1445180,1340751,1920055,1536474}, \
{1623854,1506193,947565,1066400,1095652,1623176,1244098,1124794,1063635,1380086,1346864,1093772,1440660,1213166,1216941,1511005,1435170,1158002,1393221,1303273,1363550,1297700,1299010,1495261,1330334}, \
{2076621,1846327,1262601,1555605,1629946,1959962,1829785,1908020,1724863,1884135,1956062,1380779,1904251,1916846,1520882,2074205,1949252,1344917,2110115,1819976,2022012,1573252,1737306,2290774,1849426}, \
{1990957,1610039,1037396,1561380,1504249,1717858,1625685,1720879,1608024,1869145,1644311,1353159,1559241,1617262,1516980,1737801,1712061,1460411,1748442,1787498,1792766,1400367,1320891,2024898,1522325}, \
{2185600,1668444,1169878,1342879,1424640,2158217,1736861,1525723,1640886,1813569,1702167,1410171,1647787,1707162,1540375,1784693,1846951,1572097,1752986,1847727,1956106,1482787,1538381,2018063,1727118}, \
{1359802,1126451,678824,1134293,1104600,1112823,1063224,1287887,1087171,1257673,1152483,977151,995643,1116361,1033118,1311988,1201253,963657,1148017,1123808,1246382,1075233,924715,1378013,994278}, \
{1695658,1865795,1137570,1466320,1388087,1980649,1577956,1540849,1305883,1577671,1840746,1404108,1782916,1532295,1434619,2021339,1798304,1484411,1787203,1390554,1667502,1473362,1531127,2091820,1593300}, \
{1787367,1399580,1119763,1119586,1380289,1645667,1404234,1442028,1226118,1543824,1146886,1281126,1446864,1230349,1257265,1502772,1458024,1293122,1431688,1392005,1695331,1165617,1319494,1729895,1373018}, \
{1677236,1475707,986611,1351132,1374858,1645596,1562350,1540408,1309277,1582827,1409666,1240931,1379284,1330781,1222223,1505807,1463659,1353100,1505160,1548004,1612734,1218128,1179797,1904301,1274327}, \
{2081126,1793932,1167896,1522871,1625009,1860883,1560968,1534315,1481673,1698186,1642620,1496723,1732044,1666053,1398454,1726347,1928640,1289387,1895726,1549752,1741829,1509033,1546149,2080665,1717688}, \
{2290599,2014430,1497953,1645255,1650927,2363313,2030543,1803943,1777765,1967750,1929765,1697615,1998671,1881955,1758391,2146044,2136230,1703840,2086527,1956181,2294923,1804625,1852986,2452523,1972749}, \
{1695413,1589105,1084198,1340120,1176520,1628498,1555573,1399718,1296375,1688893,1516689,1110843,1535980,1431133,1313670,1577285,1510926,1227621,1705099,1331730,1563575,1208382,1381494,1778950,1463875}, \
{1771925,1259362,968558,1363896,1341582,1482575,1297915,1374242,1356495,1483104,1349381,1214703,1324412,1338892,1119145,1443923,1425008,1021078,1455205,1299141,1476540,1130571,1242768,1725241,1461849}, \
{1417983,1464907,969826,1254157,1174662,1462438,1367198,1325574,1283431,1459759,1345138,943853,1397466,1313906,1211905,1360081,1380517,1115504,1468602,1310780,1261198,1252789,1264341,1650240,1290243}, \
{1658809,1671363,1054388,1280644,1491341,1688935,1305601,1230245,1097391,1470159,1496461,1264388,1463593,1484686,1125864,1541607,1612594,1237642,1674409,1627161,1520873,1323056,1244012,1797764,1413556}, \
{1911187,1829891,1170103,1452709,1379938,1954603,1672603,1391041,1272551,1739199,1716967,1494916,1523779,1479390,1386824,1609363,1547615,1522833,1760498,1526296,1920362,1300756,1497663,1898444,1699517}, \
{1858804,1910034,1417909,1505341,1580594,2103088,1877408,1645949,1545358,1788360,1652640,1520569,1866624,1587857,1532961,1923120,1918874,1600884,1928293,1799063,1863718,1553601,1719889,2072487,1630666}, \
{2066074,1839157,1367736,1543675,1595681,2006853,1675926,1538044,1563862,1840387,1751819,1581545,1953702,1601000,1675571,1978869,1921278,1637913,1807298,1952717,1890953,1506688,1571109,2269990,1755404}, \
{2055036,1538156,1158444,1498021,1508051,1772242,1408594,1421430,1517739,1611328,1666701,1389659,1798008,1548649,1440460,1670815,1699639,1198666,1800519,1461132,1757306,1349734,1512127,1944910,1834399}, \
{1905235,1576167,1259908,1368205,1438854,1874840,1464135,1409917,1488313,1643457,1692780,1375957,1738217,1640442,1451484,1698730,1816117,1311415,1797225,1907359,1707275,1394889,1427325,1864958,1778519}, \
{1816688,1659982,1181713,1370068,1186906,1824784,1556761,1448387,1520994,1512606,1878978,1286296,1674207,1592430,1425052,1894521,1698333,1188724,1773516,1574326,1763969,1510395,1567146,1867186,1836300}, \
{1545027,1486397,1047440,1157888,1169743,1679866,1486017,1522334,1485135,1421889,1569671,1234780,1479226,1453553,1458197,1607243,1542545,1288970,1651321,1553828,1807179,1273256,1481837,1789051,1581270} \
}; \
 \
 \
int a_3[25][25] = { \
{294,190,422,459,474,390,48,348,246,13,466,267,430,365,344,458,6,367,7,496,492,88,205,39,103}, \
{158,337,324,238,276,147,475,306,230,357,181,189,192,116,174,223,459,105,7,12,155,6,412,63,138}, \
{368,246,340,38,319,342,253,176,394,68,19,249,424,321,5,92,382,211,58,374,249,16,63,257,283}, \
{387,440,58,496,465,459,183,115,391,60,190,482,67,15,220,446,198,422,326,494,403,452,220,201,226}, \
{203,395,190,491,346,431,494,340,53,314,259,270,107,386,9,112,226,424,12,494,31,304,338,325,412}, \
{350,52,340,71,292,311,62,155,105,450,177,94,194,419,448,419,237,488,130,193,332,445,254,484,134}, \
{69,341,53,53,4,26,14,95,92,71,51,269,108,375,422,307,278,471,476,92,284,222,397,226,272}, \
{416,427,64,288,465,360,60,246,249,431,245,100,81,138,428,94,431,435,275,417,4,484,125,487,148}, \
{481,134,104,119,103,184,441,141,300,309,396,151,403,36,375,48,202,441,440,296,451,9,384,132,352}, \
{481,431,10,370,282,426,191,20,304,49,431,20,377,35,456,321,60,490,309,202,370,47,453,153,301}, \
{210,471,321,458,456,180,85,283,239,51,493,457,459,87,475,348,450,193,150,59,442,48,385,479,205}, \
{245,304,37,239,244,466,438,205,358,259,115,352,488,266,319,84,44,313,259,1,240,186,80,166,329}, \
{472,394,101,56,258,217,285,398,249,158,191,11,122,143,367,302,143,492,111,475,123,406,88,147,420}, \
{209,98,387,99,38,410,155,226,303,122,253,248,227,105,364,131,153,500,67,303,344,402,490,347,475}, \
{6,345,312,227,444,40,305,325,26,10,321,134,140,207,158,35,319,350,425,323,309,166,58,297,98}, \
{414,479,439,118,92,55,450,11,138,315,170,32,270,164,198,402,2,326,357,495,156,153,266,370,314}, \
{27,283,126,301,15,216,148,93,50,463,339,462,317,143,164,388,47,353,409,104,166,280,179,97,157}, \
{272,262,181,359,449,125,94,24,148,76,80,381,404,327,223,242,175,371,5,273,278,356,481,9,15}, \
{100,16,104,422,27,210,408,471,344,191,445,445,486,155,109,293,338,135,123,403,327,423,193,256,24}, \
{141,456,491,471,275,267,245,192,379,442,283,131,300,75,328,36,264,262,327,194,376,317,183,414,30}, \
{1,280,270,29,199,250,109,118,32,134,281,434,473,413,287,112,348,323,349,461,423,89,148,279,499}, \
{129,231,146,182,301,80,91,265,360,16,92,369,91,483,437,7,175,203,124,56,129,304,117,433,110}, \
{301,44,66,488,250,152,384,217,392,425,286,453,368,428,185,435,418,146,401,128,336,163,377,421,228}, \
{34,1,136,420,286,428,479,98,370,134,169,90,408,89,430,440,105,366,222,482,94,174,275,150,475}, \
{275,473,436,151,90,314,466,295,213,232,297,372,138,328,155,252,402,281,374,340,62,163,437,41,416} \
}; \
int b_3[25][25] = { \
{474,194,13,96,397,267,290,261,377,119,151,413,463,291,395,99,310,475,59,367,51,324,187,300,360}, \
{127,478,24,247,83,24,56,8,400,37,330,221,21,177,446,146,39,292,376,64,97,189,351,418,489}, \
{425,114,62,235,148,194,241,370,201,491,45,81,452,88,169,382,409,14,416,244,169,306,386,331,289}, \
{116,229,71,30,146,205,16,317,286,499,382,392,196,55,39,428,162,315,216,179,382,423,486,213,136}, \
{309,170,167,412,45,365,393,337,144,420,237,67,23,1,457,84,333,399,247,195,500,59,198,206,239}, \
{488,293,497,282,332,447,66,44,118,151,20,131,453,71,370,2,177,224,257,203,45,25,212,43,418}, \
{349,458,256,427,494,165,240,445,35,257,51,494,325,135,257,314,173,428,447,286,34,250,389,407,436}, \
{488,381,260,223,208,159,321,360,109,461,178,339,273,383,416,25,206,313,29,48,53,396,390,300,85}, \
{92,164,197,107,210,87,189,1,62,449,203,391,182,350,407,19,375,383,465,163,60,36,14,286,15}, \
{413,336,190,35,243,450,253,134,1,5,134,142,265,107,340,273,246,220,236,430,466,198,316,176,482}, \
{336,401,220,422,175,82,313,315,34,449,474,290,136,299,376,177,176,322,252,100,213,194,432,373,347}, \
{320,223,489,237,116,384,121,143,500,495,495,446,326,449,89,84,380,290,457,390,135,97,434,286,392}, \
{277,321,30,325,429,337,153,238,342,221,95,88,403,264,487,124,311,51,383,448,344,333,131,354,307}, \
{490,300,87,175,46,164,241,474,21,355,252,40,95,135,69,198,303,49,471,149,467,228,218,264,138}, \
{147,434,429,402,189,157,277,168,369,37,386,474,393,311,261,193,330,139,136,308,173,180,377,142,82}, \
{431,488,470,351,421,50,240,15,21,208,399,136,152,439,24,103,35,402,473,29,164,337,262,92,25}, \
{217,441,419,138,18,489,251,3,194,183,345,315,52,420,219,122,275,71,297,173,257,16,141,484,113}, \
{109,441,241,245,243,15,92,234,112,228,103,115,140,278,441,377,346,109,95,171,393,171,355,245,489}, \
{10,455,402,481,155,298,47,288,197,219,275,245,388,467,355,125,268,108,182,49,352,364,267,50,242}, \
{156,207,114,34,365,362,368,179,456,311,363,106,371,313,144,135,274,235,470,368,239,263,111,361,239}, \
{140,124,434,232,198,169,99,408,434,75,294,407,387,66,272,446,75,327,85,78,329,40,61,314,332}, \
{57,211,84,435,84,391,167,153,223,300,253,64,78,9,380,439,21,55,391,451,4,103,220,136,245}, \
{375,57,134,30,92,477,337,483,138,461,184,234,289,120,104,89,68,477,334,35,43,147,475,283,355}, \
{324,158,62,408,214,478,64,330,187,117,305,53,207,236,406,471,36,27,9,250,48,433,421,347,147}, \
{49,254,202,377,50,422,76,18,312,219,433,29,295,85,261,398,335,23,85,453,39,26,469,269,166} \
}; \
int c_3[25][25] = { \
{2022590,1955881,1556330,1705132,1543877,1586809,1488047,1735041,1583404,2118996,1822007,1589378,1863799,1505928,1915374,1373757,1660178,1772560,1994115,1458210,1607531,1486681,1948413,1843743,1789195}, \
{1593440,1603844,1184700,1218619,1064764,1391543,1148668,1242181,974845,1480840,1242415,1374017,1276556,1130620,1458707,1014932,1190150,1404144,1548516,1091181,1036227,1033108,1632121,1566129,1454544}, \
{1581104,1519540,1138565,1315317,1208922,1543212,1103805,1199285,1272236,1498181,1269408,1182301,1483180,1240767,1679231,1047975,1435543,1219922,1619022,1351393,1111098,1049103,1377707,1655014,1464207}, \
{1748645,2124909,1782665,1875125,1532691,1914120,1346572,1478762,1790331,2021503,2047218,1784547,1816269,1656162,2112298,1507970,1585027,1933524,2071118,1624089,1437247,1403348,2061951,1855103,1988135}, \
{1962365,2027780,1343691,1657621,1405379,1946739,1366671,1662688,1402127,2002672,1728304,1438722,1638671,1313794,1937589,1562283,1513861,1629245,1950996,1646146,1378288,1443193,2232952,1944496,2007341}, \
{1921575,1902101,1477661,1732583,1370267,1814290,1358650,1566725,1273386,1578274,1595187,1291930,1670622,1384400,1929976,1554236,1458348,1354147,1688507,1556171,1447782,1372325,1882326,1634334,1726481}, \
{1137494,1620398,1289463,1371732,856240,1270321,874659,1128832,1148780,1208522,1448471,1129491,1205850,1292743,1362078,1117729,1097664,995084,1324256,984562,1074835,1001652,1546698,1278643,1292949}, \
{1729899,2086649,1414682,1749222,1319286,1963338,1376458,1378614,1466747,1655146,1779734,1467443,1565695,1520288,2230362,1440734,1533191,1498820,1702558,1648352,1426446,1398591,1971058,1787611,1830032}, \
{1599177,1930434,1488774,1636297,1496548,1668048,1272154,1561622,1438538,1568531,1560447,1689257,1893614,1521871,1995422,1343516,1555575,1591949,1570215,1491149,1313570,1288004,1841866,1778581,1883189}, \
{1617436,1989943,1477040,1713517,1481477,1555599,1218609,1462034,1485136,1611037,1687000,1618501,1757291,1447786,2033504,1305384,1425581,1741351,1628648,1339387,1315750,1320468,1921800,1688051,1856205}, \
{1993571,2168375,1725433,1976151,1396547,1931629,1435488,1722718,1759889,2080525,2131489,1863587,1820949,1743584,2154101,1540449,1639455,1792414,1942957,1516407,1533725,1550149,2299855,2131208,1880516}, \
{1584207,1853600,1404154,1659472,1343727,1559155,1027248,1319842,1297316,1515814,1406858,1471686,1631560,1279767,1916629,1220802,1449556,1387917,1629996,1486053,1213174,1165201,1738212,1542026,1718041}, \
{1547766,1920236,1265654,1615494,1362966,1469314,1283609,1237654,1337964,1495199,1540306,1340923,1513227,1380036,1940884,1274574,1389855,1442421,1569884,1469657,1074819,1236920,1735947,1633282,1615170}, \
{1656770,1723640,1450393,1648908,1306926,1794166,1226007,1462390,1433121,1758797,1583019,1388663,1793395,1341993,1879956,1503341,1466282,1357255,1657917,1552028,1054921,1186497,1959386,1713263,1748306}, \
{1300644,1666990,1169751,1539656,979135,1324041,1057568,1418320,1170794,1528037,1417226,1201144,1239945,1205533,1641177,1234656,1218950,1136255,1399045,1049081,1264421,1176763,1599787,1553005,1440867}, \
{1625022,1864701,1131483,1603800,1480684,1528491,1208521,1442118,1352929,1472729,1498132,1281457,1691337,1368743,1775372,1439757,1346730,1416089,1765807,1455595,1182433,1479798,1860295,1709387,1780105}, \
{1365498,1729864,1319554,1424116,1123930,1358064,897919,1127802,1106886,1394535,1448878,1193301,1352696,1269332,1472793,1161878,1144940,1176677,1545581,1220287,1207295,1155941,1695967,1280028,1583957}, \
{1492345,1497322,1125894,1285370,1087795,1481237,1166242,1384504,1340343,1664394,1429563,1253038,1333044,1120811,1499366,1140574,1278430,1408850,1728994,1287339,1296700,1073786,1568776,1501992,1560945}, \
